(module RPi_CAM_MOD_SAINSMART (layer F.Cu) (tedit 5B46CC23)
  (fp_text reference REF** (at 0 13.716) (layer F.SilkS)
    (effects (font (size 1.016 1.016) (thickness 0.127)))
  )
  (fp_text value RPi_CAM_MOD_SAINSMART (at 14.65 0 90) (layer F.Fab)
    (effects (font (size 1.016 1.016) (thickness 0.127)))
  )
  (fp_arc (start -6.35 10.5) (end -6.35 12.5) (angle 90) (layer F.Fab) (width 0.127))
  (fp_arc (start -6.35 -10.5) (end -8.35 -10.5) (angle 90) (layer F.Fab) (width 0.127))
  (fp_arc (start 13.55 -10.5) (end 13.55 -12.5) (angle 90) (layer F.Fab) (width 0.127))
  (fp_arc (start 13.55 10.5) (end 15.55 10.5) (angle 90) (layer F.Fab) (width 0.127))
  (fp_line (start 15.55 10.5) (end 15.55 -10.5) (layer F.Fab) (width 0.127))
  (fp_line (start 13.55 -12.5) (end -6.35 -12.5) (layer F.Fab) (width 0.127))
  (fp_line (start -8.35 -10.5) (end -8.35 10.5) (layer F.Fab) (width 0.127))
  (fp_line (start -6.35 12.5) (end 13.55 12.5) (layer F.Fab) (width 0.127))
  (fp_circle (center 0 0) (end 0.15 3) (layer F.Fab) (width 0.127))
  (fp_circle (center 0 0) (end -0.35 4.5) (layer F.Fab) (width 0.127))
  (fp_line (start -4.5 4.5) (end -4.5 -4.5) (layer F.Fab) (width 0.127))
  (fp_line (start -4.5 -4.5) (end 4.5 -4.5) (layer F.Fab) (width 0.127))
  (fp_line (start 4.5 -4.5) (end 4.5 4.5) (layer F.Fab) (width 0.127))
  (fp_line (start 4.5 4.5) (end -4.5 4.5) (layer F.Fab) (width 0.127))
  (fp_line (start -6.35 12.5) (end 13.55 12.5) (layer F.SilkS) (width 0.127))
  (fp_line (start -8.35 -10.5) (end -8.35 10.5) (layer F.SilkS) (width 0.127))
  (fp_line (start 13.55 -12.5) (end -6.35 -12.5) (layer F.SilkS) (width 0.127))
  (fp_line (start 15.55 10.5) (end 15.55 -10.5) (layer F.SilkS) (width 0.127))
  (fp_arc (start 13.55 10.5) (end 15.55 10.5) (angle 90) (layer F.SilkS) (width 0.127))
  (fp_arc (start 13.55 -10.5) (end 13.55 -12.5) (angle 90) (layer F.SilkS) (width 0.127))
  (fp_arc (start -6.35 -10.5) (end -8.35 -10.5) (angle 90) (layer F.SilkS) (width 0.127))
  (fp_arc (start -6.35 10.5) (end -6.35 12.5) (angle 90) (layer F.SilkS) (width 0.127))
  (pad "" thru_hole circle (at 0 9) (size 2.8 2.8) (drill 1.8) (layers *.Cu *.Mask))
  (pad "" thru_hole circle (at -6.35 -10.5) (size 3.7 3.7) (drill 2.2) (layers *.Cu *.Mask))
  (pad "" thru_hole circle (at 7.15 -10.5) (size 3.7 3.7) (drill 2.2) (layers *.Cu *.Mask))
  (pad "" thru_hole circle (at 7.15 10.5) (size 3.7 3.7) (drill 2.2) (layers *.Cu *.Mask))
  (pad "" thru_hole circle (at -6.35 10.5) (size 3.7 3.7) (drill 2.2) (layers *.Cu *.Mask))
  (pad "" thru_hole circle (at 0 -9) (size 2.8 2.8) (drill 1.8) (layers *.Cu *.Mask))
)
